Iteration       NormGrad          Cost      Rel. cost         Rel. x      Line-search
        0    1.09223e+01   7.06407e-03    1.00000e+00    1.00000e+00                0
        1    6.12200e-01   5.45742e-03    2.27439e-01    3.16277e-01               32
        2    6.47321e-01   5.05803e-03    7.31833e-02    1.41614e-01               29
        3    8.55257e-03   4.10949e-03    1.87531e-01    3.50648e-01               27
        4    2.55310e-02   4.07266e-03    8.96237e-03    2.27865e-01               16
        5    2.07499e-02   4.03128e-03    1.01610e-02    3.85641e-01               19
        6    1.98612e-02   3.97098e-03    1.49570e-02    1.20016e-01               23
        7    1.80094e-02   3.86905e-03    2.56701e-02    8.37118e-01               14
        8    1.19475e-01   3.82001e-03    1.26756e-02    3.04793e-01               17
        9    2.34857e-01   3.67380e-03    3.82742e-02    2.36714e-01               26
       10    2.10052e-01   3.53195e-03    3.86119e-02    2.10229e-01               29
       11    2.88683e+03   3.51388e-03    5.11386e-03    3.37564e-02               36
       12    3.61913e-02   3.51259e-03    3.67596e-04    2.26983e-03               89
       13    2.82200e-02   3.50596e-03    1.88719e-03    1.01961e-02               32
       14    2.21955e-01   3.45660e-03    1.40807e-02    7.03577e-02               22
       15    8.34054e-02   3.43569e-03    6.04954e-03    4.88105e-02               33
       16    1.10155e-01   3.29534e-03    4.08489e-02    7.59187e-02               27
       17    2.43169e-02   3.25696e-03    1.16478e-02    4.24988e-02               31
       18    2.83870e-01   2.48118e-03    2.38190e-01    2.48349e-01               17
       19    6.57249e+00   2.40584e-03    3.03659e-02    4.03886e-02               36
       20    2.50975e-01   2.40358e-03    9.37257e-04    3.51634e-03               61
       21    9.72002e-02   2.39077e-03    5.32971e-03    1.76933e-02               39
       22    1.92355e+04   2.09551e-03    1.23501e-01    1.42485e-01               25
       23    1.55978e+00   2.01817e-03    3.69072e-02    1.24779e-02               81
       24    5.06734e+02   2.01817e-03    2.01350e-13    1.52063e-14              163
       25    2.33006e+01   2.01817e-03    4.29776e-15    4.92493e-15              194
       26    5.41296e+05   2.01817e-03    1.28933e-15    5.79603e-17              200
       27    2.37349e+01   1.92735e-03    4.50008e-02    2.47890e-03               96
       28    6.14711e+00   1.87143e-03    2.90173e-02    2.96599e-02               48
       29    1.25028e-01   1.86865e-03    1.48088e-03    8.87926e-04               58
       30    4.80996e-02   1.86396e-03    2.51071e-03    7.86494e-03               36
       31    1.65385e-01   1.85326e-03    5.74167e-03    7.78717e-03               33
       32    9.41271e+00   1.82642e-03    1.44829e-02    3.01987e-02               33
       33    8.08367e-02   1.82538e-03    5.66399e-04    1.36205e-03               65
       34    2.22733e-02   1.82415e-03    6.73970e-04    3.19841e-03               41
       35    3.39985e-01   1.82077e-03    1.85686e-03    1.28647e-02               30
       36    4.76685e-02   1.79769e-03    1.26749e-02    2.13871e-02               40
       37    3.18124e-02   1.76087e-03    2.04794e-02    1.24575e-02               34
       38    2.78475e+02   1.76087e-03    2.86925e-14    1.01601e-13              147
       39    1.55501e+01   1.76087e-03    7.13002e-14    1.94071e-14              195
       40    3.44993e+01   1.75873e-03    1.21978e-03    3.09191e-03               61
       41    5.85364e-02   1.74709e-03    6.61714e-03    1.90144e-03               59
       42    4.01918e+04   1.70121e-03    2.62596e-02    5.03562e-02               28
       43    4.63417e+03   2.10224e-02    1.13573e+01    1.53192e+07                0
       44    4.40139e+03   1.82398e-02    1.32367e-01    2.87569e-01                0
       45    1.66284e+01   2.22306e-02    2.18798e-01    1.45473e+00                0
       46    8.16388e+03   2.15554e-02    3.03733e-02    7.08102e-03                0
       47    3.79197e+04   2.10417e-02    2.38286e-02    4.30751e-01                0
       48    3.69802e+02   2.02427e-02    3.79754e-02    1.15757e+00                0
       49    8.83433e+02   1.97010e-02    2.67572e-02    7.57337e-01                0
       50    2.65206e+02   2.13057e-02    8.14502e-02    3.40744e+00                0
       51    1.20444e-01   1.99366e-02    6.42573e-02    6.87860e-06               45
       52    9.15918e+01   1.92835e-02    3.27596e-02    5.83713e-05                0
       53    4.68847e-03   1.92778e-02    2.95209e-04    1.55632e-08               67
       54    9.03782e+11   1.51305e-02    2.15136e-01    4.29702e-07                9
       55    2.10990e+09   1.23266e-02    1.85312e-01    1.73483e-11              145
       56    4.70469e+09   1.23266e-02    1.06463e-07    2.81062e-18              182
       57    8.95718e+08   1.23266e-02    4.01167e-06    4.79975e-17              180
       58    4.80981e+10   1.23265e-02    1.02854e-06    1.44615e-16              175
       59    1.00211e+09   9.73634e-03    2.10132e-01    5.40384e-11              127
       60    2.40930e+07   7.41293e-03    2.38633e-01    1.10072e-11              111
       61    3.96895e-05   2.05474e-02    1.77183e+00    3.58286e-01                0
       62    1.22478e-04   2.05474e-02    7.58562e-12    9.73100e-16               86
       63    1.22808e-04   2.05474e-02    9.30368e-14    1.08719e-16               97
       64    1.22837e-04   2.05474e-02    4.07437e-13    5.99345e-17              100
       65    5.31410e-05   2.05474e-02    9.45565e-15    1.61604e-17              105
       66    5.40184e-05   2.05474e-02    1.30382e-11    1.27499e-15               83
       67    5.37138e-05   2.05474e-02    9.25303e-13    1.34110e-15               84
       68    5.30355e-05   2.05474e-02    8.45943e-13    1.40052e-15               84
       69    5.45217e-05   2.05474e-02    1.50284e-11    4.58536e-15               82
       70    5.60714e-05   2.05474e-02    1.07220e-13    1.67470e-16               91
       71    5.63330e-05   2.05474e-02    2.97177e-14    1.19495e-16               97
       72    5.62796e-05   2.05474e-02    2.26260e-14    1.30280e-16               97
       73    5.79010e-05   2.05474e-02    2.49899e-14    1.29119e-16               97
       74    5.64221e-05   2.05474e-02    5.21749e-14    1.45642e-16               97
       75    4.87930e-05   2.05474e-02    4.98110e-14    7.64859e-17               97
       76    2.68674e-06   2.05474e-02    1.30184e-13    2.14264e-16               96
       77    2.30908e-05   2.05474e-02    2.28512e-06    3.92467e-07               11
       78    6.62212e-05   2.05474e-02    5.10775e-13    5.03456e-16               86
       79    1.20564e-04   2.05474e-02    2.91606e-12    4.75052e-15               91
       80    3.90479e-05   2.05474e-02    6.38258e-13    9.10883e-16               92
       81    1.05914e-04   2.05303e-02    8.32530e-04    4.35332e-06                0
       82    1.75955e-04   2.04788e-02    2.50700e-03    4.43001e-06                0
       83    9.91208e-05   2.03120e-02    8.14602e-03    4.32683e-07                0
       84    3.65832e-04   2.03120e-02    2.20684e-13    1.39886e-14               94
       85    3.70677e-04   2.03120e-02    1.09556e-12    1.55143e-14               93
       86    4.41872e-04   2.03120e-02    1.50038e-12    2.51061e-15               94
       87    5.18928e-04   2.03120e-02    2.83900e-12    5.25753e-15               98
       88    8.79183e-04   2.03120e-02    4.53205e-12    8.84444e-14               94
       89    2.19066e+12   1.91803e-02    5.57132e-02    1.90281e-04                2
       90    4.83842e+06   1.83638e-02    4.25724e-02    8.57402e-10              150
       91    5.61364e-03   2.02080e-02    1.00428e-01    1.01541e+00                0
       92    9.28541e-01   2.02988e-02    4.49157e-03    5.36469e-05                0
       93    1.08979e-02   2.00306e-02    1.32134e-02    2.42186e-03                0
       94    2.84939e-02   1.85819e-02    7.23241e-02    1.36555e-04                4
       95    3.69130e-04   1.85535e-02    1.52883e-03    1.50006e-07               30
       96    4.71807e+10   1.22513e-02    3.39677e-01    3.52312e-06                3
       97    6.36668e-01   2.04954e-02    6.72916e-01    3.80490e+02                0
       98    4.42391e-05   1.95791e-02    4.47047e-02    1.41945e-07               20
       99    4.33951e-05   1.95791e-02    2.97682e-11    3.24509e-17               78
      100    4.30958e-05   1.95791e-02    2.73969e-11    3.26739e-17               78
      101    1.21525e+00   7.91054e-03    5.95970e-01    5.70480e-10                4
      102    1.00177e+04   7.74422e-03    2.10254e-02    3.86816e-13               48
      103    2.61351e+09   7.74272e-03    1.94109e-04    2.33775e-16              112
      104    9.92751e+08   7.74176e-03    1.22849e-04    1.31720e-15              149
      105    1.11177e+01   1.92872e-02    1.49132e+00    1.32440e-01                0
      106    8.13394e-01   1.98268e-02    2.79733e-02    4.03591e-05                0
      107    7.94983e+02   8.97806e-03    5.47175e-01    4.39295e-08               19
      108    3.31808e+07   7.99296e-03    1.09723e-01    2.33086e-12               51
      109    1.50378e+05   7.81700e-03    2.20148e-02    2.99991e-14              109
      110    1.40782e+05   7.64465e-03    2.20480e-02    1.17121e-12               83
      111    2.25067e+09   6.79024e-03    1.11765e-01    1.62085e-12               86
      112    8.48454e-02   2.10409e-02    2.09869e+00    8.88199e-01                0
      113    5.38481e+10   1.13427e-02    4.60922e-01    5.99710e-07               10
      114    3.02561e-04   2.05291e-02    8.09897e-01    8.66499e+00                0
      115    1.70759e+00   1.97568e-02    3.76165e-02    1.84960e-08                1
      116    3.16828e-01   1.95338e-02    1.12912e-02    4.38159e-06                0
      117    1.33234e-02   1.95656e-02    1.62865e-03    6.61022e-07                0
      118    7.25468e+10   2.01141e-02    2.80357e-02    1.43779e-07                0
      119    5.75818e-03   2.09419e-02    4.11559e-02    9.67925e-01                0
      120    1.79445e+00   2.05684e-02    1.78347e-02    1.77871e-06                2
      121    1.49719e-03   1.94418e-02    5.47743e-02    3.32888e-07               26
      122    1.77427e-04   1.93739e-02    3.49135e-03    4.58609e-09               17
      123    1.51361e-05   1.93738e-02    7.44950e-06    2.16227e-10               22
      124    6.68739e-05   1.93689e-02    2.53642e-04    6.08832e-10                0
      125    3.14981e-05   1.93689e-02    5.17072e-11    2.51949e-16               74
      126    6.36155e-05   1.93689e-02    1.76737e-11    2.29486e-16               72
      127    7.05918e-05   1.93689e-02    2.44780e-10    6.04497e-17               71
      128    6.63611e-05   1.93689e-02    1.49254e-10    8.50865e-18               73
      129    5.08858e+04   1.93689e-02    1.46857e-11    4.54497e-18               75
      130    3.27909e-03   1.89294e-02    2.26894e-02    6.62932e-09               83
      131    2.42886e-05   1.87468e-02    9.64650e-03    1.52353e-09                6
      132    7.70957e-05   1.86590e-02    4.68237e-03    5.56781e-10               11
      133    1.99321e-05   1.85977e-02    3.28618e-03    3.54904e-10                2
      134    1.34201e-05   1.85977e-02    2.03150e-06    2.99063e-12               28
      135    4.17814e-03   1.85975e-02    1.03860e-05    1.80204e-12               19
      136    9.34145e-04   1.84710e-02    6.79969e-03    1.49739e-09               14
      137    1.44182e-02   1.84537e-02    9.35197e-04    2.04469e-10               18
      138    2.08726e+03   1.36535e-02    2.60124e-01    8.04274e-08                3
      139    9.02522e+07   1.36426e-02    7.96607e-04    3.55224e-17               96
      140    2.67525e-02   2.01855e-02    4.79592e-01    6.14397e-03                0
      141    3.91690e-03   2.15908e-02    6.96186e-02    1.84219e-07                0
      142    5.33278e-03   1.98903e-02    7.87618e-02    4.93046e-08                0
      143    5.12370e+02   1.62247e-02    1.84288e-01    8.64784e-07                1
      144    9.64341e+03   9.13531e-03    4.36951e-01    1.16805e-10               40
      145    5.93323e+03   9.13377e-03    1.67625e-04    2.09532e-15              105
      146    7.22394e+03   9.11817e-03    1.70800e-03    1.29209e-14               91
      147    5.76249e+02   9.01561e-03    1.12486e-02    5.44709e-13               75
      148    1.81593e+02   9.01539e-03    2.37786e-05    1.23667e-15              103
      149    2.13237e+03   8.90437e-03    1.23151e-02    2.87938e-12               61
      150    1.82905e-02   2.00972e-02    1.25700e+00    3.97964e-05                0
      151    6.13914e+03   2.08802e-02    3.89622e-02    1.72783e-07                0
      152    6.25406e+12   9.23056e-03    5.57928e-01    3.61463e-13               54
      153    5.53962e-01   1.95894e-02    1.12223e+00    2.13764e+01                0
      154    2.56669e-02   1.94160e-02    8.84794e-03    1.43433e-09               27
      155    3.54741e+01   1.33618e-02    3.11815e-01    2.34982e-09                4
      156    4.34855e+09   1.14374e-02    1.44028e-01    3.07310e-13               40
      157    2.15787e-02   2.00932e-02    7.56803e-01    4.26274e-03                0
      158    2.06278e+01   1.78383e-02    1.12220e-01    8.28743e-09                0
      159    4.13608e+01   1.16448e-02    3.47201e-01    6.68883e-12               32
      160    2.69686e+01   9.00721e-03    2.26506e-01    3.23230e-12               43
      161    2.73092e-04   2.05050e-02    1.27651e+00    4.63748e-08                0
      162    5.10333e-03   2.04498e-02    2.69146e-03    4.96388e-10                0
      163    2.67228e+00   1.52272e-02    2.55386e-01    3.55041e-09                0
      164    7.86820e+09   1.24087e-02    1.85096e-01    6.88238e-12               28
      165    2.30975e-03   2.11615e-02    7.05367e-01    3.89479e-03                0
      166    1.18387e-02   2.05523e-02    2.87863e-02    3.97429e-09                0
      167    5.37170e+00   2.04733e-02    3.84401e-03    3.55188e-08                0
      168    6.34350e+01   1.40511e-02    3.13685e-01    8.54469e-09               26
      169    2.77449e+12   1.40451e-02    4.26329e-04    2.17517e-17               96
      170    3.48732e+11   1.38920e-02    1.09024e-02    2.27034e-15              160
      171    5.48181e-01   2.10736e-02    5.16956e-01    7.14529e-01                0
      172    2.55645e+06   8.38419e-03    6.02147e-01    3.91409e-08               10
      173    2.51437e+10   7.49427e-03    1.06142e-01    1.37278e-14               98
      174    1.62912e+07   7.33827e-03    2.08161e-02    1.71263e-15              144
      175    2.46666e+07   7.29452e-03    5.96144e-03    1.38994e-16              126
      176        NaN   7.29452e-03    0.00000e+00    0.00000e+00              256
Local minimum possible, relative step size smaller than tolerance
